##########33 Sopa

w<-4657364
