##################

rt<-90568094
